2
82
45
16
54
97
35
56
19
90
64
71
25
22
53
89
58
97
60
8
55
59
43
32
21
62
48
36
89
20
88
17
27
80
65
98
89
59
55
1
8
57
37
17
28
82
70
89
28
8
82
76
55
90
46
80
59
36
46
88
60
65
77
50
32
21
27
87
15
82
92
38
62
44
28
13
43
44
11
72
43
98
39
54
49
96
71
23
61
82
60
17
48
79
17
75
36
97
0
87
10
76
20
88
39
24
82
41
26
53
30
92
19
51
69
92
64
75
20
32
8
96
54
66
4
7
2
1
94
88
4
33
76
47
9
81
28
78
10
90
76
66
28
67
19
61
66
92
65
74
35
43
90
4
24
26
76
95
74
88
33
53
40
51
19
52
66
12
49
66
93
85
24
32
7
82
36
85
4
95
73
9
10
2
98
50
17
49
40
6
28
15
35
64
13
11
76
53
7
77
35
87
96
12
31
15
6
99
47
17
26
12
66
2
71
6
83
40
94
26
60
36
95
41
71
40
71
72
36
36
47
31
31
92
79
11
71
37
19
43
66
13
98
36
85
27
36
73
56
79
59
63
72
55
22
29
13
43
71
13
9
56
15
28
12
92
37
0
90
65
85
29
40
46
72
80
59
53
36
53
60
4
37
57
83
44
59
61
57
59
39
30
40
49
23
50
78
6
59
22
71
96
71
70
32
10
85
37
57
0
4
29
11
5
69
64
56
8
53
18
32
6
16
74
81
2
95
15
15
68
43
53
19
12
40
96
60
40
45
25
99
73
97
8
17
57
28
71
86
34
78
82
50
45
98
70
94
62
99
84
42
89
57
7
56
11
36
71
1
83
9
75
27
7
1
88
34
2
65
31
20
62
46
26
6
38
88
85
30
66
87
10
53
1
59
40
72
39
16
14
84
30
35
65
72
13
67
4
15
5
2
83
7
22
4
86
79
76
90
39
3
47
41
60
16
63
33
78
70
65
74
83
93
93
31
73
64
0
86
46
47
41
94
78
81
1
99
75
36
62
80
81
82
53
9
8
78
63
87
64
9
2
1
29
25
48
96
22
40
45
75
54
89
37
96
10
96
78
73
92
74
62
57
69
50
37
89
95
6
70
55
90
84
28
83
79
41
50
58
81
74
37
72
52
91
44
92
75
17
37
86
32
52
74
81
69
21
82
49
20
7
99
46
2
17
69
45
95
15
1
70
65
89
61
82
14
18
14
65
7
92
89
93
60
0
5
9
87
21
75
80
97
71
83
93
76
59
59
76
79
70
26
76
96
29
23
98
87
23
41
58
43
36
64
21
18
57
79
69
52
93
51
57
35
70
86
86
29
22
63
77
21
1
67
1
17
91
81
93
81
82
8
43
66
18
59
16
29
90
89
87
43
65
82
32
96
9
82
16
55
30
94
3
17
23
58
60
93
25
39
65
50
80
55
2
40
16
58
22
5
51
6
97
17
82
45
23
65
96
75
11
35
21
27
62
21
89
19
49
43
85
56
71
27
92
4
24
41
98
42
33
97
79
60
56
79
52
77
38
33
49
29
17
19
43
37
87
28
33
3
98
24
53
51
52
20
50
27
24
76
48
71
51
17
59
58
63
93
64
28
10
25
96
27
4
13
73
53
1
88
42
9
17
58
2
46
43
84
2
47
0
38
5
46
62
60
11
2
16
7
17
5
94
28
17
64
92
37
51
46
14
76
50
34
23
5
77
51
2
13
84
22
50
31
38
6
2
3
15
61
17
30
73
34
47
84
47
14
28
28
79
39
24
39
62
69
67
13
12
76
12
72
86
0
63
71
91
13
30
23
77
37
59
34
29
35
15
6
10
32
79
90
33
60
25
94
38
15
33
83
53
78
59
76
89
86
91
39
98
83
61
97
75
78
42
95
42
46
85
3
40
19
78
98
34
3
87
9
44
76
83
25
26
19
29
50
72
40
57
95
61
51
5
40
94
85
54
95
92
70
88
1
86
56
63
0
2
22
16
92
11
20
92
95
85
63
1
44
1
12
33
17
19
10
34
91
29
98
60
22
32
64
1
65
34
85
65
67
58
18
16
58
13
69
52
43
5
82
37
74
15
58
36
30
47
18
84
85
51
38
59
38
47
99
93
45
85
54
60
5
7
22
94
32
56
81
57
56
55
62
55
21
27
65
23
3
97
66
8
12
35
88
70
48
13
79
31
77
89
62
93
67
31
42
23
29
83
53
78
77
31
43
66
55
89
99
16
57
74
91
67
7
32
36
38
58
25
15
22
6